2021/11/06-13:48:33.404021 7f7e0d55acc0 RocksDB version: 6.17.3
2021/11/06-13:48:33.404045 7f7e0d55acc0 Git sha rocksdb_build_git_sha:@09c7e96eac1ab983f97ce9e0406730b8014b3398@
2021/11/06-13:48:33.404047 7f7e0d55acc0 Compile date Oct 20 2021
2021/11/06-13:48:33.404094 7f7e0d55acc0 DB SUMMARY
2021/11/06-13:48:33.404096 7f7e0d55acc0 DB Session ID:  CEI56NGT9SWUL2LU6FAD
2021/11/06-13:48:33.404124 7f7e0d55acc0 CURRENT file:  CURRENT
2021/11/06-13:48:33.404126 7f7e0d55acc0 IDENTITY file:  IDENTITY
2021/11/06-13:48:33.404130 7f7e0d55acc0 MANIFEST file:  MANIFEST-000003 size: 1376 Bytes
2021/11/06-13:48:33.404132 7f7e0d55acc0 SST files in test-ledger/rocksdb dir, Total Num: 0, files: 
2021/11/06-13:48:33.404134 7f7e0d55acc0 Write Ahead Log file in test-ledger/rocksdb: 000004.log size: 3918 ; 
2021/11/06-13:48:33.404136 7f7e0d55acc0                         Options.error_if_exists: 0
2021/11/06-13:48:33.404137 7f7e0d55acc0                       Options.create_if_missing: 1
2021/11/06-13:48:33.404139 7f7e0d55acc0                         Options.paranoid_checks: 1
2021/11/06-13:48:33.404140 7f7e0d55acc0                               Options.track_and_verify_wals_in_manifest: 0
2021/11/06-13:48:33.404142 7f7e0d55acc0                                     Options.env: 0x562d7e511840
2021/11/06-13:48:33.404143 7f7e0d55acc0                                      Options.fs: Posix File System
2021/11/06-13:48:33.404145 7f7e0d55acc0                                Options.info_log: 0x562d7e9cacf0
2021/11/06-13:48:33.404146 7f7e0d55acc0                Options.max_file_opening_threads: 16
2021/11/06-13:48:33.404148 7f7e0d55acc0                              Options.statistics: (nil)
2021/11/06-13:48:33.404149 7f7e0d55acc0                               Options.use_fsync: 0
2021/11/06-13:48:33.404150 7f7e0d55acc0                       Options.max_log_file_size: 0
2021/11/06-13:48:33.404152 7f7e0d55acc0                  Options.max_manifest_file_size: 1073741824
2021/11/06-13:48:33.404153 7f7e0d55acc0                   Options.log_file_time_to_roll: 0
2021/11/06-13:48:33.404155 7f7e0d55acc0                       Options.keep_log_file_num: 1000
2021/11/06-13:48:33.404156 7f7e0d55acc0                    Options.recycle_log_file_num: 0
2021/11/06-13:48:33.404158 7f7e0d55acc0                         Options.allow_fallocate: 1
2021/11/06-13:48:33.404159 7f7e0d55acc0                        Options.allow_mmap_reads: 0
2021/11/06-13:48:33.404161 7f7e0d55acc0                       Options.allow_mmap_writes: 0
2021/11/06-13:48:33.404162 7f7e0d55acc0                        Options.use_direct_reads: 0
2021/11/06-13:48:33.404163 7f7e0d55acc0                        Options.use_direct_io_for_flush_and_compaction: 0
2021/11/06-13:48:33.404165 7f7e0d55acc0          Options.create_missing_column_families: 1
2021/11/06-13:48:33.404166 7f7e0d55acc0                              Options.db_log_dir: 
2021/11/06-13:48:33.404167 7f7e0d55acc0                                 Options.wal_dir: test-ledger/rocksdb
2021/11/06-13:48:33.404169 7f7e0d55acc0                Options.table_cache_numshardbits: 6
2021/11/06-13:48:33.404170 7f7e0d55acc0                         Options.WAL_ttl_seconds: 0
2021/11/06-13:48:33.404172 7f7e0d55acc0                       Options.WAL_size_limit_MB: 0
2021/11/06-13:48:33.404173 7f7e0d55acc0                        Options.max_write_batch_group_size_bytes: 1048576
2021/11/06-13:48:33.404175 7f7e0d55acc0             Options.manifest_preallocation_size: 4194304
2021/11/06-13:48:33.404176 7f7e0d55acc0                     Options.is_fd_close_on_exec: 1
2021/11/06-13:48:33.404177 7f7e0d55acc0                   Options.advise_random_on_open: 1
2021/11/06-13:48:33.404179 7f7e0d55acc0                    Options.db_write_buffer_size: 0
2021/11/06-13:48:33.404180 7f7e0d55acc0                    Options.write_buffer_manager: 0x562d7e9b5370
2021/11/06-13:48:33.404181 7f7e0d55acc0         Options.access_hint_on_compaction_start: 1
2021/11/06-13:48:33.404183 7f7e0d55acc0  Options.new_table_reader_for_compaction_inputs: 0
2021/11/06-13:48:33.404184 7f7e0d55acc0           Options.random_access_max_buffer_size: 1048576
2021/11/06-13:48:33.404186 7f7e0d55acc0                      Options.use_adaptive_mutex: 0
2021/11/06-13:48:33.404200 7f7e0d55acc0                            Options.rate_limiter: (nil)
2021/11/06-13:48:33.404202 7f7e0d55acc0     Options.sst_file_manager.rate_bytes_per_sec: 0
2021/11/06-13:48:33.404203 7f7e0d55acc0                       Options.wal_recovery_mode: 2
2021/11/06-13:48:33.404205 7f7e0d55acc0                  Options.enable_thread_tracking: 0
2021/11/06-13:48:33.404206 7f7e0d55acc0                  Options.enable_pipelined_write: 0
2021/11/06-13:48:33.404207 7f7e0d55acc0                  Options.unordered_write: 0
2021/11/06-13:48:33.404208 7f7e0d55acc0         Options.allow_concurrent_memtable_write: 1
2021/11/06-13:48:33.404210 7f7e0d55acc0      Options.enable_write_thread_adaptive_yield: 1
2021/11/06-13:48:33.404211 7f7e0d55acc0             Options.write_thread_max_yield_usec: 100
2021/11/06-13:48:33.404212 7f7e0d55acc0            Options.write_thread_slow_yield_usec: 3
2021/11/06-13:48:33.404213 7f7e0d55acc0                               Options.row_cache: None
2021/11/06-13:48:33.404215 7f7e0d55acc0                              Options.wal_filter: None
2021/11/06-13:48:33.404216 7f7e0d55acc0             Options.avoid_flush_during_recovery: 0
2021/11/06-13:48:33.404217 7f7e0d55acc0             Options.allow_ingest_behind: 0
2021/11/06-13:48:33.404218 7f7e0d55acc0             Options.preserve_deletes: 0
2021/11/06-13:48:33.404219 7f7e0d55acc0             Options.two_write_queues: 0
2021/11/06-13:48:33.404221 7f7e0d55acc0             Options.manual_wal_flush: 0
2021/11/06-13:48:33.404222 7f7e0d55acc0             Options.atomic_flush: 0
2021/11/06-13:48:33.404223 7f7e0d55acc0             Options.avoid_unnecessary_blocking_io: 0
2021/11/06-13:48:33.404224 7f7e0d55acc0                 Options.persist_stats_to_disk: 0
2021/11/06-13:48:33.404226 7f7e0d55acc0                 Options.write_dbid_to_manifest: 0
2021/11/06-13:48:33.404227 7f7e0d55acc0                 Options.log_readahead_size: 0
2021/11/06-13:48:33.404228 7f7e0d55acc0                 Options.file_checksum_gen_factory: Unknown
2021/11/06-13:48:33.404230 7f7e0d55acc0                 Options.best_efforts_recovery: 0
2021/11/06-13:48:33.404231 7f7e0d55acc0                Options.max_bgerror_resume_count: 2147483647
2021/11/06-13:48:33.404233 7f7e0d55acc0            Options.bgerror_resume_retry_interval: 1000000
2021/11/06-13:48:33.404234 7f7e0d55acc0             Options.allow_data_in_errors: 0
2021/11/06-13:48:33.404235 7f7e0d55acc0             Options.db_host_id: __hostname__
2021/11/06-13:48:33.404237 7f7e0d55acc0             Options.max_background_jobs: 8
2021/11/06-13:48:33.404238 7f7e0d55acc0             Options.max_background_compactions: -1
2021/11/06-13:48:33.404240 7f7e0d55acc0             Options.max_subcompactions: 1
2021/11/06-13:48:33.404241 7f7e0d55acc0             Options.avoid_flush_during_shutdown: 0
2021/11/06-13:48:33.404242 7f7e0d55acc0           Options.writable_file_max_buffer_size: 1048576
2021/11/06-13:48:33.404243 7f7e0d55acc0             Options.delayed_write_rate : 16777216
2021/11/06-13:48:33.404245 7f7e0d55acc0             Options.max_total_wal_size: 4294967296
2021/11/06-13:48:33.404246 7f7e0d55acc0             Options.delete_obsolete_files_period_micros: 21600000000
2021/11/06-13:48:33.404247 7f7e0d55acc0                   Options.stats_dump_period_sec: 600
2021/11/06-13:48:33.404249 7f7e0d55acc0                 Options.stats_persist_period_sec: 600
2021/11/06-13:48:33.404250 7f7e0d55acc0                 Options.stats_history_buffer_size: 1048576
2021/11/06-13:48:33.404251 7f7e0d55acc0                          Options.max_open_files: -1
2021/11/06-13:48:33.404253 7f7e0d55acc0                          Options.bytes_per_sync: 0
2021/11/06-13:48:33.404254 7f7e0d55acc0                      Options.wal_bytes_per_sync: 0
2021/11/06-13:48:33.404256 7f7e0d55acc0                   Options.strict_bytes_per_sync: 0
2021/11/06-13:48:33.404257 7f7e0d55acc0       Options.compaction_readahead_size: 0
2021/11/06-13:48:33.404259 7f7e0d55acc0                  Options.max_background_flushes: -1
2021/11/06-13:48:33.404270 7f7e0d55acc0 Compression algorithms supported:
2021/11/06-13:48:33.404272 7f7e0d55acc0 	kZSTDNotFinalCompression supported: 0
2021/11/06-13:48:33.404274 7f7e0d55acc0 	kZSTD supported: 0
2021/11/06-13:48:33.404275 7f7e0d55acc0 	kXpressCompression supported: 0
2021/11/06-13:48:33.404275 7f7e0d55acc0 	kLZ4HCCompression supported: 1
2021/11/06-13:48:33.404276 7f7e0d55acc0 	kLZ4Compression supported: 1
2021/11/06-13:48:33.404277 7f7e0d55acc0 	kBZip2Compression supported: 0
2021/11/06-13:48:33.404278 7f7e0d55acc0 	kZlibCompression supported: 0
2021/11/06-13:48:33.404279 7f7e0d55acc0 	kSnappyCompression supported: 0
2021/11/06-13:48:33.404281 7f7e0d55acc0 Fast CRC32 supported: Supported on x86
2021/11/06-13:48:33.404334 7f7e0d55acc0 [db/version_set.cc:4757] Recovering from manifest file: test-ledger/rocksdb/MANIFEST-000003
2021/11/06-13:48:33.404426 7f7e0d55acc0 [db/column_family.cc:597] --------------- Options for column family [default]:
2021/11/06-13:48:33.404429 7f7e0d55acc0               Options.comparator: leveldb.BytewiseComparator
2021/11/06-13:48:33.404431 7f7e0d55acc0           Options.merge_operator: None
2021/11/06-13:48:33.404432 7f7e0d55acc0        Options.compaction_filter: None
2021/11/06-13:48:33.404433 7f7e0d55acc0        Options.compaction_filter_factory: None
2021/11/06-13:48:33.404435 7f7e0d55acc0  Options.sst_partitioner_factory: None
2021/11/06-13:48:33.404436 7f7e0d55acc0         Options.memtable_factory: SkipListFactory
2021/11/06-13:48:33.404437 7f7e0d55acc0            Options.table_factory: BlockBasedTable
2021/11/06-13:48:33.404461 7f7e0d55acc0            table_factory options:   flush_block_policy_factory: FlushBlockBySizePolicyFactory (0x562d7ead74a0)
  cache_index_and_filter_blocks: 0
  cache_index_and_filter_blocks_with_high_priority: 1
  pin_l0_filter_and_index_blocks_in_cache: 0
  pin_top_level_index_and_filter: 1
  index_type: 0
  data_block_index_type: 0
  index_shortening: 1
  data_block_hash_table_util_ratio: 0.750000
  hash_index_allow_collision: 1
  checksum: 1
  no_block_cache: 0
  block_cache: 0x562d7e9b53c0
  block_cache_name: LRUCache
  block_cache_options:
    capacity : 8388608
    num_shard_bits : 4
    strict_capacity_limit : 0
    memory_allocator : None
    high_pri_pool_ratio: 0.000
  block_cache_compressed: (nil)
  persistent_cache: (nil)
  block_size: 4096
  block_size_deviation: 10
  block_restart_interval: 16
  index_block_restart_interval: 1
  metadata_block_size: 4096
  partition_filters: 0
  use_delta_encoding: 1
  filter_policy: nullptr
  whole_key_filtering: 1
  verify_compression: 0
  read_amp_bytes_per_bit: 0
  format_version: 4
  enable_index_compression: 1
  block_align: 0
2021/11/06-13:48:33.404462 7f7e0d55acc0        Options.write_buffer_size: 67108864
2021/11/06-13:48:33.404464 7f7e0d55acc0  Options.max_write_buffer_number: 2
2021/11/06-13:48:33.404466 7f7e0d55acc0          Options.compression: NoCompression
2021/11/06-13:48:33.404467 7f7e0d55acc0                  Options.bottommost_compression: Disabled
2021/11/06-13:48:33.404468 7f7e0d55acc0       Options.prefix_extractor: nullptr
2021/11/06-13:48:33.404470 7f7e0d55acc0   Options.memtable_insert_with_hint_prefix_extractor: nullptr
2021/11/06-13:48:33.404471 7f7e0d55acc0             Options.num_levels: 7
2021/11/06-13:48:33.404472 7f7e0d55acc0        Options.min_write_buffer_number_to_merge: 1
2021/11/06-13:48:33.404473 7f7e0d55acc0     Options.max_write_buffer_number_to_maintain: 0
2021/11/06-13:48:33.404475 7f7e0d55acc0     Options.max_write_buffer_size_to_maintain: 0
2021/11/06-13:48:33.404476 7f7e0d55acc0            Options.bottommost_compression_opts.window_bits: -14
2021/11/06-13:48:33.404477 7f7e0d55acc0                  Options.bottommost_compression_opts.level: 32767
2021/11/06-13:48:33.404478 7f7e0d55acc0               Options.bottommost_compression_opts.strategy: 0
2021/11/06-13:48:33.404480 7f7e0d55acc0         Options.bottommost_compression_opts.max_dict_bytes: 0
2021/11/06-13:48:33.404481 7f7e0d55acc0         Options.bottommost_compression_opts.zstd_max_train_bytes: 0
2021/11/06-13:48:33.404495 7f7e0d55acc0         Options.bottommost_compression_opts.parallel_threads: 1
2021/11/06-13:48:33.404497 7f7e0d55acc0                  Options.bottommost_compression_opts.enabled: false
2021/11/06-13:48:33.404498 7f7e0d55acc0            Options.compression_opts.window_bits: -14
2021/11/06-13:48:33.404499 7f7e0d55acc0                  Options.compression_opts.level: 32767
2021/11/06-13:48:33.404500 7f7e0d55acc0               Options.compression_opts.strategy: 0
2021/11/06-13:48:33.404501 7f7e0d55acc0         Options.compression_opts.max_dict_bytes: 0
2021/11/06-13:48:33.404502 7f7e0d55acc0         Options.compression_opts.zstd_max_train_bytes: 0
2021/11/06-13:48:33.404503 7f7e0d55acc0         Options.compression_opts.parallel_threads: 1
2021/11/06-13:48:33.404504 7f7e0d55acc0                  Options.compression_opts.enabled: false
2021/11/06-13:48:33.404505 7f7e0d55acc0      Options.level0_file_num_compaction_trigger: 4
2021/11/06-13:48:33.404507 7f7e0d55acc0          Options.level0_slowdown_writes_trigger: 20
2021/11/06-13:48:33.404508 7f7e0d55acc0              Options.level0_stop_writes_trigger: 36
2021/11/06-13:48:33.404509 7f7e0d55acc0                   Options.target_file_size_base: 67108864
2021/11/06-13:48:33.404510 7f7e0d55acc0             Options.target_file_size_multiplier: 1
2021/11/06-13:48:33.404511 7f7e0d55acc0                Options.max_bytes_for_level_base: 268435456
2021/11/06-13:48:33.404512 7f7e0d55acc0 Options.level_compaction_dynamic_level_bytes: 0
2021/11/06-13:48:33.404513 7f7e0d55acc0          Options.max_bytes_for_level_multiplier: 10.000000
2021/11/06-13:48:33.404515 7f7e0d55acc0 Options.max_bytes_for_level_multiplier_addtl[0]: 1
2021/11/06-13:48:33.404517 7f7e0d55acc0 Options.max_bytes_for_level_multiplier_addtl[1]: 1
2021/11/06-13:48:33.404518 7f7e0d55acc0 Options.max_bytes_for_level_multiplier_addtl[2]: 1
2021/11/06-13:48:33.404519 7f7e0d55acc0 Options.max_bytes_for_level_multiplier_addtl[3]: 1
2021/11/06-13:48:33.404520 7f7e0d55acc0 Options.max_bytes_for_level_multiplier_addtl[4]: 1
2021/11/06-13:48:33.404521 7f7e0d55acc0 Options.max_bytes_for_level_multiplier_addtl[5]: 1
2021/11/06-13:48:33.404523 7f7e0d55acc0 Options.max_bytes_for_level_multiplier_addtl[6]: 1
2021/11/06-13:48:33.404524 7f7e0d55acc0       Options.max_sequential_skip_in_iterations: 8
2021/11/06-13:48:33.404525 7f7e0d55acc0                    Options.max_compaction_bytes: 1677721600
2021/11/06-13:48:33.404526 7f7e0d55acc0                        Options.arena_block_size: 8388608
2021/11/06-13:48:33.404527 7f7e0d55acc0   Options.soft_pending_compaction_bytes_limit: 68719476736
2021/11/06-13:48:33.404528 7f7e0d55acc0   Options.hard_pending_compaction_bytes_limit: 274877906944
2021/11/06-13:48:33.404529 7f7e0d55acc0       Options.rate_limit_delay_max_milliseconds: 100
2021/11/06-13:48:33.404530 7f7e0d55acc0                Options.disable_auto_compactions: 0
2021/11/06-13:48:33.404532 7f7e0d55acc0                        Options.compaction_style: kCompactionStyleLevel
2021/11/06-13:48:33.404533 7f7e0d55acc0                          Options.compaction_pri: kMinOverlappingRatio
2021/11/06-13:48:33.404535 7f7e0d55acc0 Options.compaction_options_universal.size_ratio: 1
2021/11/06-13:48:33.404536 7f7e0d55acc0 Options.compaction_options_universal.min_merge_width: 2
2021/11/06-13:48:33.404536 7f7e0d55acc0 Options.compaction_options_universal.max_merge_width: 4294967295
2021/11/06-13:48:33.404537 7f7e0d55acc0 Options.compaction_options_universal.max_size_amplification_percent: 200
2021/11/06-13:48:33.404539 7f7e0d55acc0 Options.compaction_options_universal.compression_size_percent: -1
2021/11/06-13:48:33.404540 7f7e0d55acc0 Options.compaction_options_universal.stop_style: kCompactionStopStyleTotalSize
2021/11/06-13:48:33.404541 7f7e0d55acc0 Options.compaction_options_fifo.max_table_files_size: 1073741824
2021/11/06-13:48:33.404542 7f7e0d55acc0 Options.compaction_options_fifo.allow_compaction: 0
2021/11/06-13:48:33.404548 7f7e0d55acc0                   Options.table_properties_collectors: 
2021/11/06-13:48:33.404559 7f7e0d55acc0                   Options.inplace_update_support: 0
2021/11/06-13:48:33.404561 7f7e0d55acc0                 Options.inplace_update_num_locks: 10000
2021/11/06-13:48:33.404562 7f7e0d55acc0               Options.memtable_prefix_bloom_size_ratio: 0.000000
2021/11/06-13:48:33.404564 7f7e0d55acc0               Options.memtable_whole_key_filtering: 0
2021/11/06-13:48:33.404565 7f7e0d55acc0   Options.memtable_huge_page_size: 0
2021/11/06-13:48:33.404566 7f7e0d55acc0                           Options.bloom_locality: 0
2021/11/06-13:48:33.404567 7f7e0d55acc0                    Options.max_successive_merges: 0
2021/11/06-13:48:33.404568 7f7e0d55acc0                Options.optimize_filters_for_hits: 0
2021/11/06-13:48:33.404570 7f7e0d55acc0                Options.paranoid_file_checks: 0
2021/11/06-13:48:33.404571 7f7e0d55acc0                Options.force_consistency_checks: 1
2021/11/06-13:48:33.404572 7f7e0d55acc0                Options.report_bg_io_stats: 0
2021/11/06-13:48:33.404573 7f7e0d55acc0                               Options.ttl: 2592000
2021/11/06-13:48:33.404574 7f7e0d55acc0          Options.periodic_compaction_seconds: 0
2021/11/06-13:48:33.404575 7f7e0d55acc0                    Options.enable_blob_files: false
2021/11/06-13:48:33.404577 7f7e0d55acc0                        Options.min_blob_size: 0
2021/11/06-13:48:33.404578 7f7e0d55acc0                       Options.blob_file_size: 268435456
2021/11/06-13:48:33.404579 7f7e0d55acc0                Options.blob_compression_type: NoCompression
2021/11/06-13:48:33.404581 7f7e0d55acc0       Options.enable_blob_garbage_collection: false
2021/11/06-13:48:33.404582 7f7e0d55acc0   Options.blob_garbage_collection_age_cutoff: 0.250000
2021/11/06-13:48:33.404653 7f7e0d55acc0 [db/column_family.cc:597] --------------- Options for column family [meta]:
2021/11/06-13:48:33.404656 7f7e0d55acc0               Options.comparator: leveldb.BytewiseComparator
2021/11/06-13:48:33.404657 7f7e0d55acc0           Options.merge_operator: None
2021/11/06-13:48:33.404658 7f7e0d55acc0        Options.compaction_filter: None
2021/11/06-13:48:33.404659 7f7e0d55acc0        Options.compaction_filter_factory: purged_slot_filter_factory(meta)
2021/11/06-13:48:33.404661 7f7e0d55acc0  Options.sst_partitioner_factory: None
2021/11/06-13:48:33.404662 7f7e0d55acc0         Options.memtable_factory: SkipListFactory
2021/11/06-13:48:33.404663 7f7e0d55acc0            Options.table_factory: BlockBasedTable
2021/11/06-13:48:33.404680 7f7e0d55acc0            table_factory options:   flush_block_policy_factory: FlushBlockBySizePolicyFactory (0x562d7eac8530)
  cache_index_and_filter_blocks: 0
  cache_index_and_filter_blocks_with_high_priority: 1
  pin_l0_filter_and_index_blocks_in_cache: 0
  pin_top_level_index_and_filter: 1
  index_type: 0
  data_block_index_type: 0
  index_shortening: 1
  data_block_hash_table_util_ratio: 0.750000
  hash_index_allow_collision: 1
  checksum: 1
  no_block_cache: 0
  block_cache: 0x562d7e8953e0
  block_cache_name: LRUCache
  block_cache_options:
    capacity : 8388608
    num_shard_bits : 4
    strict_capacity_limit : 0
    memory_allocator : None
    high_pri_pool_ratio: 0.000
  block_cache_compressed: (nil)
  persistent_cache: (nil)
  block_size: 4096
  block_size_deviation: 10
  block_restart_interval: 16
  index_block_restart_interval: 1
  metadata_block_size: 4096
  partition_filters: 0
  use_delta_encoding: 1
  filter_policy: nullptr
  whole_key_filtering: 1
  verify_compression: 0
  read_amp_bytes_per_bit: 0
  format_version: 4
  enable_index_compression: 1
  block_align: 0
2021/11/06-13:48:33.404682 7f7e0d55acc0        Options.write_buffer_size: 268435456
2021/11/06-13:48:33.404683 7f7e0d55acc0  Options.max_write_buffer_number: 8
2021/11/06-13:48:33.404684 7f7e0d55acc0          Options.compression: NoCompression
2021/11/06-13:48:33.404686 7f7e0d55acc0                  Options.bottommost_compression: Disabled
2021/11/06-13:48:33.404687 7f7e0d55acc0       Options.prefix_extractor: nullptr
2021/11/06-13:48:33.404688 7f7e0d55acc0   Options.memtable_insert_with_hint_prefix_extractor: nullptr
2021/11/06-13:48:33.404700 7f7e0d55acc0             Options.num_levels: 7
2021/11/06-13:48:33.404702 7f7e0d55acc0        Options.min_write_buffer_number_to_merge: 1
2021/11/06-13:48:33.404703 7f7e0d55acc0     Options.max_write_buffer_number_to_maintain: 0
2021/11/06-13:48:33.404704 7f7e0d55acc0     Options.max_write_buffer_size_to_maintain: 0
2021/11/06-13:48:33.404706 7f7e0d55acc0            Options.bottommost_compression_opts.window_bits: -14
2021/11/06-13:48:33.404707 7f7e0d55acc0                  Options.bottommost_compression_opts.level: 32767
2021/11/06-13:48:33.404708 7f7e0d55acc0               Options.bottommost_compression_opts.strategy: 0
2021/11/06-13:48:33.404709 7f7e0d55acc0         Options.bottommost_compression_opts.max_dict_bytes: 0
2021/11/06-13:48:33.404710 7f7e0d55acc0         Options.bottommost_compression_opts.zstd_max_train_bytes: 0
2021/11/06-13:48:33.404711 7f7e0d55acc0         Options.bottommost_compression_opts.parallel_threads: 1
2021/11/06-13:48:33.404712 7f7e0d55acc0                  Options.bottommost_compression_opts.enabled: false
2021/11/06-13:48:33.404713 7f7e0d55acc0            Options.compression_opts.window_bits: -14
2021/11/06-13:48:33.404715 7f7e0d55acc0                  Options.compression_opts.level: 32767
2021/11/06-13:48:33.404716 7f7e0d55acc0               Options.compression_opts.strategy: 0
2021/11/06-13:48:33.404717 7f7e0d55acc0         Options.compression_opts.max_dict_bytes: 0
2021/11/06-13:48:33.404718 7f7e0d55acc0         Options.compression_opts.zstd_max_train_bytes: 0
2021/11/06-13:48:33.404720 7f7e0d55acc0         Options.compression_opts.parallel_threads: 1
2021/11/06-13:48:33.404721 7f7e0d55acc0                  Options.compression_opts.enabled: false
2021/11/06-13:48:33.404722 7f7e0d55acc0      Options.level0_file_num_compaction_trigger: 4
2021/11/06-13:48:33.404723 7f7e0d55acc0          Options.level0_slowdown_writes_trigger: 20
2021/11/06-13:48:33.404724 7f7e0d55acc0              Options.level0_stop_writes_trigger: 36
2021/11/06-13:48:33.404725 7f7e0d55acc0                   Options.target_file_size_base: 107374182
2021/11/06-13:48:33.404726 7f7e0d55acc0             Options.target_file_size_multiplier: 1
2021/11/06-13:48:33.404727 7f7e0d55acc0                Options.max_bytes_for_level_base: 1073741824
2021/11/06-13:48:33.404728 7f7e0d55acc0 Options.level_compaction_dynamic_level_bytes: 0
2021/11/06-13:48:33.404729 7f7e0d55acc0          Options.max_bytes_for_level_multiplier: 10.000000
2021/11/06-13:48:33.404731 7f7e0d55acc0 Options.max_bytes_for_level_multiplier_addtl[0]: 1
2021/11/06-13:48:33.404733 7f7e0d55acc0 Options.max_bytes_for_level_multiplier_addtl[1]: 1
2021/11/06-13:48:33.404734 7f7e0d55acc0 Options.max_bytes_for_level_multiplier_addtl[2]: 1
2021/11/06-13:48:33.404735 7f7e0d55acc0 Options.max_bytes_for_level_multiplier_addtl[3]: 1
2021/11/06-13:48:33.404736 7f7e0d55acc0 Options.max_bytes_for_level_multiplier_addtl[4]: 1
2021/11/06-13:48:33.404737 7f7e0d55acc0 Options.max_bytes_for_level_multiplier_addtl[5]: 1
2021/11/06-13:48:33.404738 7f7e0d55acc0 Options.max_bytes_for_level_multiplier_addtl[6]: 1
2021/11/06-13:48:33.404739 7f7e0d55acc0       Options.max_sequential_skip_in_iterations: 8
2021/11/06-13:48:33.404740 7f7e0d55acc0                    Options.max_compaction_bytes: 2684354550
2021/11/06-13:48:33.404741 7f7e0d55acc0                        Options.arena_block_size: 33554432
2021/11/06-13:48:33.404742 7f7e0d55acc0   Options.soft_pending_compaction_bytes_limit: 68719476736
2021/11/06-13:48:33.404743 7f7e0d55acc0   Options.hard_pending_compaction_bytes_limit: 274877906944
2021/11/06-13:48:33.404745 7f7e0d55acc0       Options.rate_limit_delay_max_milliseconds: 100
2021/11/06-13:48:33.404746 7f7e0d55acc0                Options.disable_auto_compactions: 0
2021/11/06-13:48:33.404748 7f7e0d55acc0                        Options.compaction_style: kCompactionStyleLevel
2021/11/06-13:48:33.404749 7f7e0d55acc0                          Options.compaction_pri: kMinOverlappingRatio
2021/11/06-13:48:33.404750 7f7e0d55acc0 Options.compaction_options_universal.size_ratio: 1
2021/11/06-13:48:33.404761 7f7e0d55acc0 Options.compaction_options_universal.min_merge_width: 2
2021/11/06-13:48:33.404763 7f7e0d55acc0 Options.compaction_options_universal.max_merge_width: 4294967295
2021/11/06-13:48:33.404764 7f7e0d55acc0 Options.compaction_options_universal.max_size_amplification_percent: 200
2021/11/06-13:48:33.404765 7f7e0d55acc0 Options.compaction_options_universal.compression_size_percent: -1
2021/11/06-13:48:33.404767 7f7e0d55acc0 Options.compaction_options_universal.stop_style: kCompactionStopStyleTotalSize
2021/11/06-13:48:33.404768 7f7e0d55acc0 Options.compaction_options_fifo.max_table_files_size: 1073741824
2021/11/06-13:48:33.404769 7f7e0d55acc0 Options.compaction_options_fifo.allow_compaction: 0
2021/11/06-13:48:33.404772 7f7e0d55acc0                   Options.table_properties_collectors: 
2021/11/06-13:48:33.404774 7f7e0d55acc0                   Options.inplace_update_support: 0
2021/11/06-13:48:33.404775 7f7e0d55acc0                 Options.inplace_update_num_locks: 10000
2021/11/06-13:48:33.404776 7f7e0d55acc0               Options.memtable_prefix_bloom_size_ratio: 0.000000
2021/11/06-13:48:33.404778 7f7e0d55acc0               Options.memtable_whole_key_filtering: 0
2021/11/06-13:48:33.404779 7f7e0d55acc0   Options.memtable_huge_page_size: 0
2021/11/06-13:48:33.404780 7f7e0d55acc0                           Options.bloom_locality: 0
2021/11/06-13:48:33.404782 7f7e0d55acc0                    Options.max_successive_merges: 0
2021/11/06-13:48:33.404783 7f7e0d55acc0                Options.optimize_filters_for_hits: 0
2021/11/06-13:48:33.404784 7f7e0d55acc0                Options.paranoid_file_checks: 0
2021/11/06-13:48:33.404785 7f7e0d55acc0                Options.force_consistency_checks: 1
2021/11/06-13:48:33.404786 7f7e0d55acc0                Options.report_bg_io_stats: 0
2021/11/06-13:48:33.404787 7f7e0d55acc0                               Options.ttl: 2592000
2021/11/06-13:48:33.404788 7f7e0d55acc0          Options.periodic_compaction_seconds: 2592000
2021/11/06-13:48:33.404790 7f7e0d55acc0                    Options.enable_blob_files: false
2021/11/06-13:48:33.404791 7f7e0d55acc0                        Options.min_blob_size: 0
2021/11/06-13:48:33.404792 7f7e0d55acc0                       Options.blob_file_size: 268435456
2021/11/06-13:48:33.404793 7f7e0d55acc0                Options.blob_compression_type: NoCompression
2021/11/06-13:48:33.404794 7f7e0d55acc0       Options.enable_blob_garbage_collection: false
2021/11/06-13:48:33.404795 7f7e0d55acc0   Options.blob_garbage_collection_age_cutoff: 0.250000
2021/11/06-13:48:33.404821 7f7e0d55acc0 [db/column_family.cc:597] --------------- Options for column family [dead_slots]:
2021/11/06-13:48:33.404824 7f7e0d55acc0               Options.comparator: leveldb.BytewiseComparator
2021/11/06-13:48:33.404825 7f7e0d55acc0           Options.merge_operator: None
2021/11/06-13:48:33.404826 7f7e0d55acc0        Options.compaction_filter: None
2021/11/06-13:48:33.404827 7f7e0d55acc0        Options.compaction_filter_factory: purged_slot_filter_factory(dead_slots)
2021/11/06-13:48:33.404828 7f7e0d55acc0  Options.sst_partitioner_factory: None
2021/11/06-13:48:33.404829 7f7e0d55acc0         Options.memtable_factory: SkipListFactory
2021/11/06-13:48:33.404831 7f7e0d55acc0            Options.table_factory: BlockBasedTable
2021/11/06-13:48:33.404848 7f7e0d55acc0            table_factory options:   flush_block_policy_factory: FlushBlockBySizePolicyFactory (0x562d7e973850)
  cache_index_and_filter_blocks: 0
  cache_index_and_filter_blocks_with_high_priority: 1
  pin_l0_filter_and_index_blocks_in_cache: 0
  pin_top_level_index_and_filter: 1
  index_type: 0
  data_block_index_type: 0
  index_shortening: 1
  data_block_hash_table_util_ratio: 0.750000
  hash_index_allow_collision: 1
  checksum: 1
  no_block_cache: 0
  block_cache: 0x562d7e9ab8e0
  block_cache_name: LRUCache
  block_cache_options:
    capacity : 8388608
    num_shard_bits : 4
    strict_capacity_limit : 0
    memory_allocator : None
    high_pri_pool_ratio: 0.000
  block_cache_compressed: (nil)
  persistent_cache: (nil)
  block_size: 4096
  block_size_deviation: 10
  block_restart_interval: 16
  index_block_restart_interval: 1
  metadata_block_size: 4096
  partition_filters: 0
  use_delta_encoding: 1
  filter_policy: nullptr
  whole_key_filtering: 1
  verify_compression: 0
  read_amp_bytes_per_bit: 0
  format_version: 4
  enable_index_compression: 1
  block_align: 0
2021/11/06-13:48:33.404862 7f7e0d55acc0        Options.write_buffer_size: 268435456
2021/11/06-13:48:33.404863 7f7e0d55acc0  Options.max_write_buffer_number: 8
2021/11/06-13:48:33.404865 7f7e0d55acc0          Options.compression: NoCompression
2021/11/06-13:48:33.404866 7f7e0d55acc0                  Options.bottommost_compression: Disabled
2021/11/06-13:48:33.404867 7f7e0d55acc0       Options.prefix_extractor: nullptr
2021/11/06-13:48:33.404868 7f7e0d55acc0   Options.memtable_insert_with_hint_prefix_extractor: nullptr
2021/11/06-13:48:33.404869 7f7e0d55acc0             Options.num_levels: 7
2021/11/06-13:48:33.404870 7f7e0d55acc0        Options.min_write_buffer_number_to_merge: 1
2021/11/06-13:48:33.404871 7f7e0d55acc0     Options.max_write_buffer_number_to_maintain: 0
2021/11/06-13:48:33.404872 7f7e0d55acc0     Options.max_write_buffer_size_to_maintain: 0
2021/11/06-13:48:33.404873 7f7e0d55acc0            Options.bottommost_compression_opts.window_bits: -14
2021/11/06-13:48:33.404874 7f7e0d55acc0                  Options.bottommost_compression_opts.level: 32767
2021/11/06-13:48:33.404875 7f7e0d55acc0               Options.bottommost_compression_opts.strategy: 0
2021/11/06-13:48:33.404876 7f7e0d55acc0         Options.bottommost_compression_opts.max_dict_bytes: 0
2021/11/06-13:48:33.404877 7f7e0d55acc0         Options.bottommost_compression_opts.zstd_max_train_bytes: 0
2021/11/06-13:48:33.404879 7f7e0d55acc0         Options.bottommost_compression_opts.parallel_threads: 1
2021/11/06-13:48:33.404880 7f7e0d55acc0                  Options.bottommost_compression_opts.enabled: false
2021/11/06-13:48:33.404881 7f7e0d55acc0            Options.compression_opts.window_bits: -14
2021/11/06-13:48:33.404882 7f7e0d55acc0                  Options.compression_opts.level: 32767
2021/11/06-13:48:33.404883 7f7e0d55acc0               Options.compression_opts.strategy: 0
2021/11/06-13:48:33.404884 7f7e0d55acc0         Options.compression_opts.max_dict_bytes: 0
2021/11/06-13:48:33.404885 7f7e0d55acc0         Options.compression_opts.zstd_max_train_bytes: 0
2021/11/06-13:48:33.404887 7f7e0d55acc0         Options.compression_opts.parallel_threads: 1
2021/11/06-13:48:33.404888 7f7e0d55acc0                  Options.compression_opts.enabled: false
2021/11/06-13:48:33.404889 7f7e0d55acc0      Options.level0_file_num_compaction_trigger: 4
2021/11/06-13:48:33.404890 7f7e0d55acc0          Options.level0_slowdown_writes_trigger: 20
2021/11/06-13:48:33.404891 7f7e0d55acc0              Options.level0_stop_writes_trigger: 36
2021/11/06-13:48:33.404892 7f7e0d55acc0                   Options.target_file_size_base: 107374182
2021/11/06-13:48:33.404893 7f7e0d55acc0             Options.target_file_size_multiplier: 1
2021/11/06-13:48:33.404894 7f7e0d55acc0                Options.max_bytes_for_level_base: 1073741824
2021/11/06-13:48:33.404896 7f7e0d55acc0 Options.level_compaction_dynamic_level_bytes: 0
2021/11/06-13:48:33.404897 7f7e0d55acc0          Options.max_bytes_for_level_multiplier: 10.000000
2021/11/06-13:48:33.404899 7f7e0d55acc0 Options.max_bytes_for_level_multiplier_addtl[0]: 1
2021/11/06-13:48:33.404901 7f7e0d55acc0 Options.max_bytes_for_level_multiplier_addtl[1]: 1
2021/11/06-13:48:33.404902 7f7e0d55acc0 Options.max_bytes_for_level_multiplier_addtl[2]: 1
2021/11/06-13:48:33.404903 7f7e0d55acc0 Options.max_bytes_for_level_multiplier_addtl[3]: 1
2021/11/06-13:48:33.404904 7f7e0d55acc0 Options.max_bytes_for_level_multiplier_addtl[4]: 1
2021/11/06-13:48:33.404906 7f7e0d55acc0 Options.max_bytes_for_level_multiplier_addtl[5]: 1
2021/11/06-13:48:33.404907 7f7e0d55acc0 Options.max_bytes_for_level_multiplier_addtl[6]: 1
2021/11/06-13:48:33.404918 7f7e0d55acc0       Options.max_sequential_skip_in_iterations: 8
2021/11/06-13:48:33.404919 7f7e0d55acc0                    Options.max_compaction_bytes: 2684354550
2021/11/06-13:48:33.404920 7f7e0d55acc0                        Options.arena_block_size: 33554432
2021/11/06-13:48:33.404922 7f7e0d55acc0   Options.soft_pending_compaction_bytes_limit: 68719476736
2021/11/06-13:48:33.404923 7f7e0d55acc0   Options.hard_pending_compaction_bytes_limit: 274877906944
2021/11/06-13:48:33.404924 7f7e0d55acc0       Options.rate_limit_delay_max_milliseconds: 100
2021/11/06-13:48:33.404926 7f7e0d55acc0                Options.disable_auto_compactions: 0
2021/11/06-13:48:33.404927 7f7e0d55acc0                        Options.compaction_style: kCompactionStyleLevel
2021/11/06-13:48:33.404929 7f7e0d55acc0                          Options.compaction_pri: kMinOverlappingRatio
2021/11/06-13:48:33.404930 7f7e0d55acc0 Options.compaction_options_universal.size_ratio: 1
2021/11/06-13:48:33.404931 7f7e0d55acc0 Options.compaction_options_universal.min_merge_width: 2
2021/11/06-13:48:33.404932 7f7e0d55acc0 Options.compaction_options_universal.max_merge_width: 4294967295
2021/11/06-13:48:33.404934 7f7e0d55acc0 Options.compaction_options_universal.max_size_amplification_percent: 200
2021/11/06-13:48:33.404935 7f7e0d55acc0 Options.compaction_options_universal.compression_size_percent: -1
2021/11/06-13:48:33.404936 7f7e0d55acc0 Options.compaction_options_universal.stop_style: kCompactionStopStyleTotalSize
2021/11/06-13:48:33.404938 7f7e0d55acc0 Options.compaction_options_fifo.max_table_files_size: 1073741824
2021/11/06-13:48:33.404939 7f7e0d55acc0 Options.compaction_options_fifo.allow_compaction: 0
2021/11/06-13:48:33.404942 7f7e0d55acc0                   Options.table_properties_collectors: 
2021/11/06-13:48:33.404943 7f7e0d55acc0                   Options.inplace_update_support: 0
2021/11/06-13:48:33.404945 7f7e0d55acc0                 Options.inplace_update_num_locks: 10000
2021/11/06-13:48:33.404946 7f7e0d55acc0               Options.memtable_prefix_bloom_size_ratio: 0.000000
2021/11/06-13:48:33.404948 7f7e0d55acc0               Options.memtable_whole_key_filtering: 0
2021/11/06-13:48:33.404949 7f7e0d55acc0   Options.memtable_huge_page_size: 0
2021/11/06-13:48:33.404950 7f7e0d55acc0                           Options.bloom_locality: 0
2021/11/06-13:48:33.404951 7f7e0d55acc0                    Options.max_successive_merges: 0
2021/11/06-13:48:33.404952 7f7e0d55acc0                Options.optimize_filters_for_hits: 0
2021/11/06-13:48:33.404953 7f7e0d55acc0                Options.paranoid_file_checks: 0
2021/11/06-13:48:33.404954 7f7e0d55acc0                Options.force_consistency_checks: 1
2021/11/06-13:48:33.404956 7f7e0d55acc0                Options.report_bg_io_stats: 0
2021/11/06-13:48:33.404957 7f7e0d55acc0                               Options.ttl: 2592000
2021/11/06-13:48:33.404958 7f7e0d55acc0          Options.periodic_compaction_seconds: 2592000
2021/11/06-13:48:33.404959 7f7e0d55acc0                    Options.enable_blob_files: false
2021/11/06-13:48:33.404960 7f7e0d55acc0                        Options.min_blob_size: 0
2021/11/06-13:48:33.404961 7f7e0d55acc0                       Options.blob_file_size: 268435456
2021/11/06-13:48:33.404963 7f7e0d55acc0                Options.blob_compression_type: NoCompression
2021/11/06-13:48:33.404964 7f7e0d55acc0       Options.enable_blob_garbage_collection: false
2021/11/06-13:48:33.404965 7f7e0d55acc0   Options.blob_garbage_collection_age_cutoff: 0.250000
2021/11/06-13:48:33.404992 7f7e0d55acc0 [db/column_family.cc:597] --------------- Options for column family [duplicate_slots]:
2021/11/06-13:48:33.404994 7f7e0d55acc0               Options.comparator: leveldb.BytewiseComparator
2021/11/06-13:48:33.404995 7f7e0d55acc0           Options.merge_operator: None
2021/11/06-13:48:33.404996 7f7e0d55acc0        Options.compaction_filter: None
2021/11/06-13:48:33.404998 7f7e0d55acc0        Options.compaction_filter_factory: purged_slot_filter_factory(duplicate_slots)
2021/11/06-13:48:33.404999 7f7e0d55acc0  Options.sst_partitioner_factory: None
2021/11/06-13:48:33.405011 7f7e0d55acc0         Options.memtable_factory: SkipListFactory
2021/11/06-13:48:33.405013 7f7e0d55acc0            Options.table_factory: BlockBasedTable
2021/11/06-13:48:33.405032 7f7e0d55acc0            table_factory options:   flush_block_policy_factory: FlushBlockBySizePolicyFactory (0x562d7e9af590)
  cache_index_and_filter_blocks: 0
  cache_index_and_filter_blocks_with_high_priority: 1
  pin_l0_filter_and_index_blocks_in_cache: 0
  pin_top_level_index_and_filter: 1
  index_type: 0
  data_block_index_type: 0
  index_shortening: 1
  data_block_hash_table_util_ratio: 0.750000
  hash_index_allow_collision: 1
  checksum: 1
  no_block_cache: 0
  block_cache: 0x562d7e89a8c0
  block_cache_name: LRUCache
  block_cache_options:
    capacity : 8388608
    num_shard_bits : 4
    strict_capacity_limit : 0
    memory_allocator : None
    high_pri_pool_ratio: 0.000
  block_cache_compressed: (nil)
  persistent_cache: (nil)
  block_size: 4096
  block_size_deviation: 10
  block_restart_interval: 16
  index_block_restart_interval: 1
  metadata_block_size: 4096
  partition_filters: 0
  use_delta_encoding: 1
  filter_policy: nullptr
  whole_key_filtering: 1
  verify_compression: 0
  read_amp_bytes_per_bit: 0
  format_version: 4
  enable_index_compression: 1
  block_align: 0
2021/11/06-13:48:33.405034 7f7e0d55acc0        Options.write_buffer_size: 268435456
2021/11/06-13:48:33.405035 7f7e0d55acc0  Options.max_write_buffer_number: 8
2021/11/06-13:48:33.405036 7f7e0d55acc0          Options.compression: NoCompression
2021/11/06-13:48:33.405038 7f7e0d55acc0                  Options.bottommost_compression: Disabled
2021/11/06-13:48:33.405039 7f7e0d55acc0       Options.prefix_extractor: nullptr
2021/11/06-13:48:33.405040 7f7e0d55acc0   Options.memtable_insert_with_hint_prefix_extractor: nullptr
2021/11/06-13:48:33.405042 7f7e0d55acc0             Options.num_levels: 7
2021/11/06-13:48:33.405043 7f7e0d55acc0        Options.min_write_buffer_number_to_merge: 1
2021/11/06-13:48:33.405044 7f7e0d55acc0     Options.max_write_buffer_number_to_maintain: 0
2021/11/06-13:48:33.405045 7f7e0d55acc0     Options.max_write_buffer_size_to_maintain: 0
2021/11/06-13:48:33.405047 7f7e0d55acc0            Options.bottommost_compression_opts.window_bits: -14
2021/11/06-13:48:33.405048 7f7e0d55acc0                  Options.bottommost_compression_opts.level: 32767
2021/11/06-13:48:33.405049 7f7e0d55acc0               Options.bottommost_compression_opts.strategy: 0
2021/11/06-13:48:33.405050 7f7e0d55acc0         Options.bottommost_compression_opts.max_dict_bytes: 0
2021/11/06-13:48:33.405051 7f7e0d55acc0         Options.bottommost_compression_opts.zstd_max_train_bytes: 0
2021/11/06-13:48:33.405053 7f7e0d55acc0         Options.bottommost_compression_opts.parallel_threads: 1
2021/11/06-13:48:33.405054 7f7e0d55acc0                  Options.bottommost_compression_opts.enabled: false
2021/11/06-13:48:33.405055 7f7e0d55acc0            Options.compression_opts.window_bits: -14
