2021/11/06-13:48:32.661701 7f7e0d55acc0 RocksDB version: 6.17.3
2021/11/06-13:48:32.661766 7f7e0d55acc0 Git sha rocksdb_build_git_sha:@09c7e96eac1ab983f97ce9e0406730b8014b3398@
2021/11/06-13:48:32.661770 7f7e0d55acc0 Compile date Oct 20 2021
2021/11/06-13:48:32.661836 7f7e0d55acc0 DB SUMMARY
2021/11/06-13:48:32.661838 7f7e0d55acc0 DB Session ID:  0QOYZSQS0ZSEFGQ759I6
2021/11/06-13:48:32.661865 7f7e0d55acc0 SST files in test-ledger/rocksdb dir, Total Num: 0, files: 
2021/11/06-13:48:32.661868 7f7e0d55acc0 Write Ahead Log file in test-ledger/rocksdb: 
2021/11/06-13:48:32.661870 7f7e0d55acc0                         Options.error_if_exists: 0
2021/11/06-13:48:32.661872 7f7e0d55acc0                       Options.create_if_missing: 1
2021/11/06-13:48:32.661873 7f7e0d55acc0                         Options.paranoid_checks: 1
2021/11/06-13:48:32.661875 7f7e0d55acc0                               Options.track_and_verify_wals_in_manifest: 0
2021/11/06-13:48:32.661876 7f7e0d55acc0                                     Options.env: 0x562d7e511840
2021/11/06-13:48:32.661878 7f7e0d55acc0                                      Options.fs: Posix File System
2021/11/06-13:48:32.661879 7f7e0d55acc0                                Options.info_log: 0x562d7e880ab0
2021/11/06-13:48:32.661881 7f7e0d55acc0                Options.max_file_opening_threads: 16
2021/11/06-13:48:32.661882 7f7e0d55acc0                              Options.statistics: (nil)
2021/11/06-13:48:32.661884 7f7e0d55acc0                               Options.use_fsync: 0
2021/11/06-13:48:32.661886 7f7e0d55acc0                       Options.max_log_file_size: 0
2021/11/06-13:48:32.661887 7f7e0d55acc0                  Options.max_manifest_file_size: 1073741824
2021/11/06-13:48:32.661888 7f7e0d55acc0                   Options.log_file_time_to_roll: 0
2021/11/06-13:48:32.661890 7f7e0d55acc0                       Options.keep_log_file_num: 1000
2021/11/06-13:48:32.661891 7f7e0d55acc0                    Options.recycle_log_file_num: 0
2021/11/06-13:48:32.661893 7f7e0d55acc0                         Options.allow_fallocate: 1
2021/11/06-13:48:32.661894 7f7e0d55acc0                        Options.allow_mmap_reads: 0
2021/11/06-13:48:32.661896 7f7e0d55acc0                       Options.allow_mmap_writes: 0
2021/11/06-13:48:32.661897 7f7e0d55acc0                        Options.use_direct_reads: 0
2021/11/06-13:48:32.661898 7f7e0d55acc0                        Options.use_direct_io_for_flush_and_compaction: 0
2021/11/06-13:48:32.661900 7f7e0d55acc0          Options.create_missing_column_families: 1
2021/11/06-13:48:32.661901 7f7e0d55acc0                              Options.db_log_dir: 
2021/11/06-13:48:32.661902 7f7e0d55acc0                                 Options.wal_dir: test-ledger/rocksdb
2021/11/06-13:48:32.661904 7f7e0d55acc0                Options.table_cache_numshardbits: 6
2021/11/06-13:48:32.661905 7f7e0d55acc0                         Options.WAL_ttl_seconds: 0
2021/11/06-13:48:32.661907 7f7e0d55acc0                       Options.WAL_size_limit_MB: 0
2021/11/06-13:48:32.661908 7f7e0d55acc0                        Options.max_write_batch_group_size_bytes: 1048576
2021/11/06-13:48:32.661910 7f7e0d55acc0             Options.manifest_preallocation_size: 4194304
2021/11/06-13:48:32.661911 7f7e0d55acc0                     Options.is_fd_close_on_exec: 1
2021/11/06-13:48:32.661912 7f7e0d55acc0                   Options.advise_random_on_open: 1
2021/11/06-13:48:32.661914 7f7e0d55acc0                    Options.db_write_buffer_size: 0
2021/11/06-13:48:32.661915 7f7e0d55acc0                    Options.write_buffer_manager: 0x562d7e8d1490
2021/11/06-13:48:32.661917 7f7e0d55acc0         Options.access_hint_on_compaction_start: 1
2021/11/06-13:48:32.661918 7f7e0d55acc0  Options.new_table_reader_for_compaction_inputs: 0
2021/11/06-13:48:32.661920 7f7e0d55acc0           Options.random_access_max_buffer_size: 1048576
2021/11/06-13:48:32.661921 7f7e0d55acc0                      Options.use_adaptive_mutex: 0
2021/11/06-13:48:32.661922 7f7e0d55acc0                            Options.rate_limiter: (nil)
2021/11/06-13:48:32.661924 7f7e0d55acc0     Options.sst_file_manager.rate_bytes_per_sec: 0
2021/11/06-13:48:32.661940 7f7e0d55acc0                       Options.wal_recovery_mode: 2
2021/11/06-13:48:32.661942 7f7e0d55acc0                  Options.enable_thread_tracking: 0
2021/11/06-13:48:32.661944 7f7e0d55acc0                  Options.enable_pipelined_write: 0
2021/11/06-13:48:32.661945 7f7e0d55acc0                  Options.unordered_write: 0
2021/11/06-13:48:32.661946 7f7e0d55acc0         Options.allow_concurrent_memtable_write: 1
2021/11/06-13:48:32.661948 7f7e0d55acc0      Options.enable_write_thread_adaptive_yield: 1
2021/11/06-13:48:32.661949 7f7e0d55acc0             Options.write_thread_max_yield_usec: 100
2021/11/06-13:48:32.661951 7f7e0d55acc0            Options.write_thread_slow_yield_usec: 3
2021/11/06-13:48:32.661952 7f7e0d55acc0                               Options.row_cache: None
2021/11/06-13:48:32.661953 7f7e0d55acc0                              Options.wal_filter: None
2021/11/06-13:48:32.661955 7f7e0d55acc0             Options.avoid_flush_during_recovery: 0
2021/11/06-13:48:32.661956 7f7e0d55acc0             Options.allow_ingest_behind: 0
2021/11/06-13:48:32.661958 7f7e0d55acc0             Options.preserve_deletes: 0
2021/11/06-13:48:32.661959 7f7e0d55acc0             Options.two_write_queues: 0
2021/11/06-13:48:32.661960 7f7e0d55acc0             Options.manual_wal_flush: 0
2021/11/06-13:48:32.661962 7f7e0d55acc0             Options.atomic_flush: 0
2021/11/06-13:48:32.661963 7f7e0d55acc0             Options.avoid_unnecessary_blocking_io: 0
2021/11/06-13:48:32.661964 7f7e0d55acc0                 Options.persist_stats_to_disk: 0
2021/11/06-13:48:32.661966 7f7e0d55acc0                 Options.write_dbid_to_manifest: 0
2021/11/06-13:48:32.661967 7f7e0d55acc0                 Options.log_readahead_size: 0
2021/11/06-13:48:32.661968 7f7e0d55acc0                 Options.file_checksum_gen_factory: Unknown
2021/11/06-13:48:32.661970 7f7e0d55acc0                 Options.best_efforts_recovery: 0
2021/11/06-13:48:32.661971 7f7e0d55acc0                Options.max_bgerror_resume_count: 2147483647
2021/11/06-13:48:32.661973 7f7e0d55acc0            Options.bgerror_resume_retry_interval: 1000000
2021/11/06-13:48:32.661974 7f7e0d55acc0             Options.allow_data_in_errors: 0
2021/11/06-13:48:32.661976 7f7e0d55acc0             Options.db_host_id: __hostname__
2021/11/06-13:48:32.661977 7f7e0d55acc0             Options.max_background_jobs: 8
2021/11/06-13:48:32.661978 7f7e0d55acc0             Options.max_background_compactions: -1
2021/11/06-13:48:32.661980 7f7e0d55acc0             Options.max_subcompactions: 1
2021/11/06-13:48:32.661981 7f7e0d55acc0             Options.avoid_flush_during_shutdown: 0
2021/11/06-13:48:32.661983 7f7e0d55acc0           Options.writable_file_max_buffer_size: 1048576
2021/11/06-13:48:32.661984 7f7e0d55acc0             Options.delayed_write_rate : 16777216
2021/11/06-13:48:32.661986 7f7e0d55acc0             Options.max_total_wal_size: 4294967296
2021/11/06-13:48:32.661987 7f7e0d55acc0             Options.delete_obsolete_files_period_micros: 21600000000
2021/11/06-13:48:32.661989 7f7e0d55acc0                   Options.stats_dump_period_sec: 600
2021/11/06-13:48:32.661990 7f7e0d55acc0                 Options.stats_persist_period_sec: 600
2021/11/06-13:48:32.661991 7f7e0d55acc0                 Options.stats_history_buffer_size: 1048576
2021/11/06-13:48:32.661993 7f7e0d55acc0                          Options.max_open_files: -1
2021/11/06-13:48:32.661994 7f7e0d55acc0                          Options.bytes_per_sync: 0
2021/11/06-13:48:32.661996 7f7e0d55acc0                      Options.wal_bytes_per_sync: 0
2021/11/06-13:48:32.661997 7f7e0d55acc0                   Options.strict_bytes_per_sync: 0
2021/11/06-13:48:32.661998 7f7e0d55acc0       Options.compaction_readahead_size: 0
2021/11/06-13:48:32.662000 7f7e0d55acc0                  Options.max_background_flushes: -1
2021/11/06-13:48:32.662001 7f7e0d55acc0 Compression algorithms supported:
2021/11/06-13:48:32.662003 7f7e0d55acc0 	kZSTDNotFinalCompression supported: 0
2021/11/06-13:48:32.662004 7f7e0d55acc0 	kZSTD supported: 0
2021/11/06-13:48:32.662014 7f7e0d55acc0 	kXpressCompression supported: 0
2021/11/06-13:48:32.662015 7f7e0d55acc0 	kLZ4HCCompression supported: 1
2021/11/06-13:48:32.662017 7f7e0d55acc0 	kLZ4Compression supported: 1
2021/11/06-13:48:32.662019 7f7e0d55acc0 	kBZip2Compression supported: 0
2021/11/06-13:48:32.662020 7f7e0d55acc0 	kZlibCompression supported: 0
2021/11/06-13:48:32.662022 7f7e0d55acc0 	kSnappyCompression supported: 0
2021/11/06-13:48:32.662024 7f7e0d55acc0 Fast CRC32 supported: Supported on x86
2021/11/06-13:48:32.672507 7f7e0d55acc0 [db/db_impl/db_impl_open.cc:283] Creating manifest 1 
2021/11/06-13:48:32.683922 7f7e0d55acc0 [db/version_set.cc:4757] Recovering from manifest file: test-ledger/rocksdb/MANIFEST-000001
2021/11/06-13:48:32.684305 7f7e0d55acc0 [db/column_family.cc:597] --------------- Options for column family [default]:
2021/11/06-13:48:32.684315 7f7e0d55acc0               Options.comparator: leveldb.BytewiseComparator
2021/11/06-13:48:32.684319 7f7e0d55acc0           Options.merge_operator: None
2021/11/06-13:48:32.684323 7f7e0d55acc0        Options.compaction_filter: None
2021/11/06-13:48:32.684325 7f7e0d55acc0        Options.compaction_filter_factory: None
2021/11/06-13:48:32.684328 7f7e0d55acc0  Options.sst_partitioner_factory: None
2021/11/06-13:48:32.684331 7f7e0d55acc0         Options.memtable_factory: SkipListFactory
2021/11/06-13:48:32.684334 7f7e0d55acc0            Options.table_factory: BlockBasedTable
2021/11/06-13:48:32.684408 7f7e0d55acc0            table_factory options:   flush_block_policy_factory: FlushBlockBySizePolicyFactory (0x562d7e8cc2c0)
  cache_index_and_filter_blocks: 0
  cache_index_and_filter_blocks_with_high_priority: 1
  pin_l0_filter_and_index_blocks_in_cache: 0
  pin_top_level_index_and_filter: 1
  index_type: 0
  data_block_index_type: 0
  index_shortening: 1
  data_block_hash_table_util_ratio: 0.750000
  hash_index_allow_collision: 1
  checksum: 1
  no_block_cache: 0
  block_cache: 0x562d7e8cce00
  block_cache_name: LRUCache
  block_cache_options:
    capacity : 8388608
    num_shard_bits : 4
    strict_capacity_limit : 0
    memory_allocator : None
    high_pri_pool_ratio: 0.000
  block_cache_compressed: (nil)
  persistent_cache: (nil)
  block_size: 4096
  block_size_deviation: 10
  block_restart_interval: 16
  index_block_restart_interval: 1
  metadata_block_size: 4096
  partition_filters: 0
  use_delta_encoding: 1
  filter_policy: nullptr
  whole_key_filtering: 1
  verify_compression: 0
  read_amp_bytes_per_bit: 0
  format_version: 4
  enable_index_compression: 1
  block_align: 0
2021/11/06-13:48:32.684413 7f7e0d55acc0        Options.write_buffer_size: 67108864
2021/11/06-13:48:32.684434 7f7e0d55acc0  Options.max_write_buffer_number: 2
2021/11/06-13:48:32.684438 7f7e0d55acc0          Options.compression: NoCompression
2021/11/06-13:48:32.684441 7f7e0d55acc0                  Options.bottommost_compression: Disabled
2021/11/06-13:48:32.684444 7f7e0d55acc0       Options.prefix_extractor: nullptr
2021/11/06-13:48:32.684447 7f7e0d55acc0   Options.memtable_insert_with_hint_prefix_extractor: nullptr
2021/11/06-13:48:32.684450 7f7e0d55acc0             Options.num_levels: 7
2021/11/06-13:48:32.684452 7f7e0d55acc0        Options.min_write_buffer_number_to_merge: 1
2021/11/06-13:48:32.684455 7f7e0d55acc0     Options.max_write_buffer_number_to_maintain: 0
2021/11/06-13:48:32.684458 7f7e0d55acc0     Options.max_write_buffer_size_to_maintain: 0
2021/11/06-13:48:32.684461 7f7e0d55acc0            Options.bottommost_compression_opts.window_bits: -14
2021/11/06-13:48:32.684464 7f7e0d55acc0                  Options.bottommost_compression_opts.level: 32767
2021/11/06-13:48:32.684467 7f7e0d55acc0               Options.bottommost_compression_opts.strategy: 0
2021/11/06-13:48:32.684469 7f7e0d55acc0         Options.bottommost_compression_opts.max_dict_bytes: 0
2021/11/06-13:48:32.684472 7f7e0d55acc0         Options.bottommost_compression_opts.zstd_max_train_bytes: 0
2021/11/06-13:48:32.684475 7f7e0d55acc0         Options.bottommost_compression_opts.parallel_threads: 1
2021/11/06-13:48:32.684532 7f7e0d55acc0                  Options.bottommost_compression_opts.enabled: false
2021/11/06-13:48:32.684536 7f7e0d55acc0            Options.compression_opts.window_bits: -14
2021/11/06-13:48:32.684539 7f7e0d55acc0                  Options.compression_opts.level: 32767
2021/11/06-13:48:32.684542 7f7e0d55acc0               Options.compression_opts.strategy: 0
2021/11/06-13:48:32.684545 7f7e0d55acc0         Options.compression_opts.max_dict_bytes: 0
2021/11/06-13:48:32.684547 7f7e0d55acc0         Options.compression_opts.zstd_max_train_bytes: 0
2021/11/06-13:48:32.684550 7f7e0d55acc0         Options.compression_opts.parallel_threads: 1
2021/11/06-13:48:32.684553 7f7e0d55acc0                  Options.compression_opts.enabled: false
2021/11/06-13:48:32.684556 7f7e0d55acc0      Options.level0_file_num_compaction_trigger: 4
2021/11/06-13:48:32.684558 7f7e0d55acc0          Options.level0_slowdown_writes_trigger: 20
2021/11/06-13:48:32.684561 7f7e0d55acc0              Options.level0_stop_writes_trigger: 36
2021/11/06-13:48:32.684564 7f7e0d55acc0                   Options.target_file_size_base: 67108864
2021/11/06-13:48:32.684567 7f7e0d55acc0             Options.target_file_size_multiplier: 1
2021/11/06-13:48:32.684570 7f7e0d55acc0                Options.max_bytes_for_level_base: 268435456
2021/11/06-13:48:32.684573 7f7e0d55acc0 Options.level_compaction_dynamic_level_bytes: 0
2021/11/06-13:48:32.684575 7f7e0d55acc0          Options.max_bytes_for_level_multiplier: 10.000000
2021/11/06-13:48:32.684582 7f7e0d55acc0 Options.max_bytes_for_level_multiplier_addtl[0]: 1
2021/11/06-13:48:32.684585 7f7e0d55acc0 Options.max_bytes_for_level_multiplier_addtl[1]: 1
2021/11/06-13:48:32.684589 7f7e0d55acc0 Options.max_bytes_for_level_multiplier_addtl[2]: 1
2021/11/06-13:48:32.684592 7f7e0d55acc0 Options.max_bytes_for_level_multiplier_addtl[3]: 1
2021/11/06-13:48:32.684594 7f7e0d55acc0 Options.max_bytes_for_level_multiplier_addtl[4]: 1
2021/11/06-13:48:32.684597 7f7e0d55acc0 Options.max_bytes_for_level_multiplier_addtl[5]: 1
2021/11/06-13:48:32.684600 7f7e0d55acc0 Options.max_bytes_for_level_multiplier_addtl[6]: 1
2021/11/06-13:48:32.684603 7f7e0d55acc0       Options.max_sequential_skip_in_iterations: 8
2021/11/06-13:48:32.684606 7f7e0d55acc0                    Options.max_compaction_bytes: 1677721600
2021/11/06-13:48:32.684609 7f7e0d55acc0                        Options.arena_block_size: 8388608
2021/11/06-13:48:32.684612 7f7e0d55acc0   Options.soft_pending_compaction_bytes_limit: 68719476736
2021/11/06-13:48:32.684615 7f7e0d55acc0   Options.hard_pending_compaction_bytes_limit: 274877906944
2021/11/06-13:48:32.684617 7f7e0d55acc0       Options.rate_limit_delay_max_milliseconds: 100
2021/11/06-13:48:32.684620 7f7e0d55acc0                Options.disable_auto_compactions: 0
2021/11/06-13:48:32.684625 7f7e0d55acc0                        Options.compaction_style: kCompactionStyleLevel
2021/11/06-13:48:32.684629 7f7e0d55acc0                          Options.compaction_pri: kMinOverlappingRatio
2021/11/06-13:48:32.684632 7f7e0d55acc0 Options.compaction_options_universal.size_ratio: 1
2021/11/06-13:48:32.684634 7f7e0d55acc0 Options.compaction_options_universal.min_merge_width: 2
2021/11/06-13:48:32.684637 7f7e0d55acc0 Options.compaction_options_universal.max_merge_width: 4294967295
2021/11/06-13:48:32.684640 7f7e0d55acc0 Options.compaction_options_universal.max_size_amplification_percent: 200
2021/11/06-13:48:32.684643 7f7e0d55acc0 Options.compaction_options_universal.compression_size_percent: -1
2021/11/06-13:48:32.684646 7f7e0d55acc0 Options.compaction_options_universal.stop_style: kCompactionStopStyleTotalSize
2021/11/06-13:48:32.684649 7f7e0d55acc0 Options.compaction_options_fifo.max_table_files_size: 1073741824
2021/11/06-13:48:32.684652 7f7e0d55acc0 Options.compaction_options_fifo.allow_compaction: 0
2021/11/06-13:48:32.684666 7f7e0d55acc0                   Options.table_properties_collectors: 
2021/11/06-13:48:32.684670 7f7e0d55acc0                   Options.inplace_update_support: 0
2021/11/06-13:48:32.684672 7f7e0d55acc0                 Options.inplace_update_num_locks: 10000
2021/11/06-13:48:32.684694 7f7e0d55acc0               Options.memtable_prefix_bloom_size_ratio: 0.000000
2021/11/06-13:48:32.684698 7f7e0d55acc0               Options.memtable_whole_key_filtering: 0
2021/11/06-13:48:32.684701 7f7e0d55acc0   Options.memtable_huge_page_size: 0
2021/11/06-13:48:32.684704 7f7e0d55acc0                           Options.bloom_locality: 0
2021/11/06-13:48:32.684707 7f7e0d55acc0                    Options.max_successive_merges: 0
2021/11/06-13:48:32.684710 7f7e0d55acc0                Options.optimize_filters_for_hits: 0
2021/11/06-13:48:32.684712 7f7e0d55acc0                Options.paranoid_file_checks: 0
2021/11/06-13:48:32.684715 7f7e0d55acc0                Options.force_consistency_checks: 1
2021/11/06-13:48:32.684718 7f7e0d55acc0                Options.report_bg_io_stats: 0
2021/11/06-13:48:32.684720 7f7e0d55acc0                               Options.ttl: 2592000
2021/11/06-13:48:32.684723 7f7e0d55acc0          Options.periodic_compaction_seconds: 0
2021/11/06-13:48:32.684726 7f7e0d55acc0                    Options.enable_blob_files: false
2021/11/06-13:48:32.684729 7f7e0d55acc0                        Options.min_blob_size: 0
2021/11/06-13:48:32.684731 7f7e0d55acc0                       Options.blob_file_size: 268435456
2021/11/06-13:48:32.684735 7f7e0d55acc0                Options.blob_compression_type: NoCompression
2021/11/06-13:48:32.684737 7f7e0d55acc0       Options.enable_blob_garbage_collection: false
2021/11/06-13:48:32.684740 7f7e0d55acc0   Options.blob_garbage_collection_age_cutoff: 0.250000
2021/11/06-13:48:32.686648 7f7e0d55acc0 [db/version_set.cc:4805] Recovered from manifest file:test-ledger/rocksdb/MANIFEST-000001 succeeded,manifest_file_number is 1, next_file_number is 3, last_sequence is 0, log_number is 0,prev_log_number is 0,max_column_family is 0,min_log_number_to_keep is 0
2021/11/06-13:48:32.686665 7f7e0d55acc0 [db/version_set.cc:4814] Column family [default] (ID 0), log number is 0
2021/11/06-13:48:32.686899 7f7e0d55acc0 [db/version_set.cc:4111] Creating manifest 3
2021/11/06-13:48:32.703958 7f7e0d55acc0 [db/column_family.cc:597] --------------- Options for column family [meta]:
2021/11/06-13:48:32.703977 7f7e0d55acc0               Options.comparator: leveldb.BytewiseComparator
2021/11/06-13:48:32.703982 7f7e0d55acc0           Options.merge_operator: None
2021/11/06-13:48:32.703985 7f7e0d55acc0        Options.compaction_filter: None
2021/11/06-13:48:32.703989 7f7e0d55acc0        Options.compaction_filter_factory: purged_slot_filter_factory(meta)
2021/11/06-13:48:32.703992 7f7e0d55acc0  Options.sst_partitioner_factory: None
2021/11/06-13:48:32.703995 7f7e0d55acc0         Options.memtable_factory: SkipListFactory
2021/11/06-13:48:32.703998 7f7e0d55acc0            Options.table_factory: BlockBasedTable
2021/11/06-13:48:32.704072 7f7e0d55acc0            table_factory options:   flush_block_policy_factory: FlushBlockBySizePolicyFactory (0x562d7e90c2d0)
  cache_index_and_filter_blocks: 0
  cache_index_and_filter_blocks_with_high_priority: 1
  pin_l0_filter_and_index_blocks_in_cache: 0
  pin_top_level_index_and_filter: 1
  index_type: 0
  data_block_index_type: 0
  index_shortening: 1
  data_block_hash_table_util_ratio: 0.750000
  hash_index_allow_collision: 1
  checksum: 1
  no_block_cache: 0
  block_cache: 0x562d7e8a2fb0
  block_cache_name: LRUCache
  block_cache_options:
    capacity : 8388608
    num_shard_bits : 4
    strict_capacity_limit : 0
    memory_allocator : None
    high_pri_pool_ratio: 0.000
  block_cache_compressed: (nil)
  persistent_cache: (nil)
  block_size: 4096
  block_size_deviation: 10
  block_restart_interval: 16
  index_block_restart_interval: 1
  metadata_block_size: 4096
  partition_filters: 0
  use_delta_encoding: 1
  filter_policy: nullptr
  whole_key_filtering: 1
  verify_compression: 0
  read_amp_bytes_per_bit: 0
  format_version: 4
  enable_index_compression: 1
  block_align: 0
2021/11/06-13:48:32.704076 7f7e0d55acc0        Options.write_buffer_size: 268435456
2021/11/06-13:48:32.704080 7f7e0d55acc0  Options.max_write_buffer_number: 8
2021/11/06-13:48:32.704083 7f7e0d55acc0          Options.compression: NoCompression
2021/11/06-13:48:32.704086 7f7e0d55acc0                  Options.bottommost_compression: Disabled
2021/11/06-13:48:32.704089 7f7e0d55acc0       Options.prefix_extractor: nullptr
2021/11/06-13:48:32.704092 7f7e0d55acc0   Options.memtable_insert_with_hint_prefix_extractor: nullptr
2021/11/06-13:48:32.704094 7f7e0d55acc0             Options.num_levels: 7
2021/11/06-13:48:32.704097 7f7e0d55acc0        Options.min_write_buffer_number_to_merge: 1
2021/11/06-13:48:32.704100 7f7e0d55acc0     Options.max_write_buffer_number_to_maintain: 0
2021/11/06-13:48:32.704103 7f7e0d55acc0     Options.max_write_buffer_size_to_maintain: 0
2021/11/06-13:48:32.704106 7f7e0d55acc0            Options.bottommost_compression_opts.window_bits: -14
2021/11/06-13:48:32.704109 7f7e0d55acc0                  Options.bottommost_compression_opts.level: 32767
2021/11/06-13:48:32.704112 7f7e0d55acc0               Options.bottommost_compression_opts.strategy: 0
2021/11/06-13:48:32.704115 7f7e0d55acc0         Options.bottommost_compression_opts.max_dict_bytes: 0
2021/11/06-13:48:32.704117 7f7e0d55acc0         Options.bottommost_compression_opts.zstd_max_train_bytes: 0
2021/11/06-13:48:32.704120 7f7e0d55acc0         Options.bottommost_compression_opts.parallel_threads: 1
2021/11/06-13:48:32.704123 7f7e0d55acc0                  Options.bottommost_compression_opts.enabled: false
2021/11/06-13:48:32.704126 7f7e0d55acc0            Options.compression_opts.window_bits: -14
2021/11/06-13:48:32.704129 7f7e0d55acc0                  Options.compression_opts.level: 32767
2021/11/06-13:48:32.704132 7f7e0d55acc0               Options.compression_opts.strategy: 0
2021/11/06-13:48:32.704134 7f7e0d55acc0         Options.compression_opts.max_dict_bytes: 0
2021/11/06-13:48:32.704137 7f7e0d55acc0         Options.compression_opts.zstd_max_train_bytes: 0
2021/11/06-13:48:32.704140 7f7e0d55acc0         Options.compression_opts.parallel_threads: 1
2021/11/06-13:48:32.704143 7f7e0d55acc0                  Options.compression_opts.enabled: false
2021/11/06-13:48:32.704206 7f7e0d55acc0      Options.level0_file_num_compaction_trigger: 4
2021/11/06-13:48:32.704210 7f7e0d55acc0          Options.level0_slowdown_writes_trigger: 20
2021/11/06-13:48:32.704213 7f7e0d55acc0              Options.level0_stop_writes_trigger: 36
2021/11/06-13:48:32.704216 7f7e0d55acc0                   Options.target_file_size_base: 107374182
2021/11/06-13:48:32.704218 7f7e0d55acc0             Options.target_file_size_multiplier: 1
2021/11/06-13:48:32.704221 7f7e0d55acc0                Options.max_bytes_for_level_base: 1073741824
2021/11/06-13:48:32.704224 7f7e0d55acc0 Options.level_compaction_dynamic_level_bytes: 0
2021/11/06-13:48:32.704227 7f7e0d55acc0          Options.max_bytes_for_level_multiplier: 10.000000
2021/11/06-13:48:32.704233 7f7e0d55acc0 Options.max_bytes_for_level_multiplier_addtl[0]: 1
2021/11/06-13:48:32.704237 7f7e0d55acc0 Options.max_bytes_for_level_multiplier_addtl[1]: 1
2021/11/06-13:48:32.704240 7f7e0d55acc0 Options.max_bytes_for_level_multiplier_addtl[2]: 1
2021/11/06-13:48:32.704243 7f7e0d55acc0 Options.max_bytes_for_level_multiplier_addtl[3]: 1
2021/11/06-13:48:32.704246 7f7e0d55acc0 Options.max_bytes_for_level_multiplier_addtl[4]: 1
2021/11/06-13:48:32.704248 7f7e0d55acc0 Options.max_bytes_for_level_multiplier_addtl[5]: 1
2021/11/06-13:48:32.704251 7f7e0d55acc0 Options.max_bytes_for_level_multiplier_addtl[6]: 1
2021/11/06-13:48:32.704254 7f7e0d55acc0       Options.max_sequential_skip_in_iterations: 8
2021/11/06-13:48:32.704257 7f7e0d55acc0                    Options.max_compaction_bytes: 2684354550
2021/11/06-13:48:32.704260 7f7e0d55acc0                        Options.arena_block_size: 33554432
2021/11/06-13:48:32.704263 7f7e0d55acc0   Options.soft_pending_compaction_bytes_limit: 68719476736
2021/11/06-13:48:32.704266 7f7e0d55acc0   Options.hard_pending_compaction_bytes_limit: 274877906944
2021/11/06-13:48:32.704269 7f7e0d55acc0       Options.rate_limit_delay_max_milliseconds: 100
2021/11/06-13:48:32.704272 7f7e0d55acc0                Options.disable_auto_compactions: 0
2021/11/06-13:48:32.704277 7f7e0d55acc0                        Options.compaction_style: kCompactionStyleLevel
2021/11/06-13:48:32.704280 7f7e0d55acc0                          Options.compaction_pri: kMinOverlappingRatio
2021/11/06-13:48:32.704283 7f7e0d55acc0 Options.compaction_options_universal.size_ratio: 1
2021/11/06-13:48:32.704286 7f7e0d55acc0 Options.compaction_options_universal.min_merge_width: 2
2021/11/06-13:48:32.704289 7f7e0d55acc0 Options.compaction_options_universal.max_merge_width: 4294967295
2021/11/06-13:48:32.704291 7f7e0d55acc0 Options.compaction_options_universal.max_size_amplification_percent: 200
2021/11/06-13:48:32.704294 7f7e0d55acc0 Options.compaction_options_universal.compression_size_percent: -1
2021/11/06-13:48:32.704298 7f7e0d55acc0 Options.compaction_options_universal.stop_style: kCompactionStopStyleTotalSize
2021/11/06-13:48:32.704300 7f7e0d55acc0 Options.compaction_options_fifo.max_table_files_size: 1073741824
2021/11/06-13:48:32.704303 7f7e0d55acc0 Options.compaction_options_fifo.allow_compaction: 0
2021/11/06-13:48:32.704318 7f7e0d55acc0                   Options.table_properties_collectors: 
2021/11/06-13:48:32.704321 7f7e0d55acc0                   Options.inplace_update_support: 0
2021/11/06-13:48:32.704324 7f7e0d55acc0                 Options.inplace_update_num_locks: 10000
2021/11/06-13:48:32.704327 7f7e0d55acc0               Options.memtable_prefix_bloom_size_ratio: 0.000000
2021/11/06-13:48:32.704331 7f7e0d55acc0               Options.memtable_whole_key_filtering: 0
2021/11/06-13:48:32.704334 7f7e0d55acc0   Options.memtable_huge_page_size: 0
2021/11/06-13:48:32.704336 7f7e0d55acc0                           Options.bloom_locality: 0
2021/11/06-13:48:32.704339 7f7e0d55acc0                    Options.max_successive_merges: 0
2021/11/06-13:48:32.704342 7f7e0d55acc0                Options.optimize_filters_for_hits: 0
2021/11/06-13:48:32.704344 7f7e0d55acc0                Options.paranoid_file_checks: 0
2021/11/06-13:48:32.704347 7f7e0d55acc0                Options.force_consistency_checks: 1
2021/11/06-13:48:32.704368 7f7e0d55acc0                Options.report_bg_io_stats: 0
2021/11/06-13:48:32.704371 7f7e0d55acc0                               Options.ttl: 2592000
2021/11/06-13:48:32.704374 7f7e0d55acc0          Options.periodic_compaction_seconds: 2592000
2021/11/06-13:48:32.704377 7f7e0d55acc0                    Options.enable_blob_files: false
2021/11/06-13:48:32.704379 7f7e0d55acc0                        Options.min_blob_size: 0
2021/11/06-13:48:32.704382 7f7e0d55acc0                       Options.blob_file_size: 268435456
2021/11/06-13:48:32.704385 7f7e0d55acc0                Options.blob_compression_type: NoCompression
2021/11/06-13:48:32.704388 7f7e0d55acc0       Options.enable_blob_garbage_collection: false
2021/11/06-13:48:32.704391 7f7e0d55acc0   Options.blob_garbage_collection_age_cutoff: 0.250000
2021/11/06-13:48:32.704488 7f7e0d55acc0 [db/db_impl/db_impl.cc:2658] Created column family [meta] (ID 1)
2021/11/06-13:48:32.717514 7f7e0d55acc0 [db/column_family.cc:597] --------------- Options for column family [dead_slots]:
2021/11/06-13:48:32.717535 7f7e0d55acc0               Options.comparator: leveldb.BytewiseComparator
2021/11/06-13:48:32.717540 7f7e0d55acc0           Options.merge_operator: None
2021/11/06-13:48:32.717543 7f7e0d55acc0        Options.compaction_filter: None
2021/11/06-13:48:32.717548 7f7e0d55acc0        Options.compaction_filter_factory: purged_slot_filter_factory(dead_slots)
2021/11/06-13:48:32.717551 7f7e0d55acc0  Options.sst_partitioner_factory: None
2021/11/06-13:48:32.717555 7f7e0d55acc0         Options.memtable_factory: SkipListFactory
2021/11/06-13:48:32.717558 7f7e0d55acc0            Options.table_factory: BlockBasedTable
2021/11/06-13:48:32.717653 7f7e0d55acc0            table_factory options:   flush_block_policy_factory: FlushBlockBySizePolicyFactory (0x562d7e8a5160)
  cache_index_and_filter_blocks: 0
  cache_index_and_filter_blocks_with_high_priority: 1
  pin_l0_filter_and_index_blocks_in_cache: 0
  pin_top_level_index_and_filter: 1
  index_type: 0
  data_block_index_type: 0
  index_shortening: 1
  data_block_hash_table_util_ratio: 0.750000
  hash_index_allow_collision: 1
  checksum: 1
  no_block_cache: 0
  block_cache: 0x562d7e8a51b0
  block_cache_name: LRUCache
  block_cache_options:
    capacity : 8388608
    num_shard_bits : 4
    strict_capacity_limit : 0
    memory_allocator : None
    high_pri_pool_ratio: 0.000
  block_cache_compressed: (nil)
  persistent_cache: (nil)
  block_size: 4096
  block_size_deviation: 10
  block_restart_interval: 16
  index_block_restart_interval: 1
  metadata_block_size: 4096
  partition_filters: 0
  use_delta_encoding: 1
  filter_policy: nullptr
  whole_key_filtering: 1
  verify_compression: 0
  read_amp_bytes_per_bit: 0
  format_version: 4
  enable_index_compression: 1
  block_align: 0
2021/11/06-13:48:32.717662 7f7e0d55acc0        Options.write_buffer_size: 268435456
2021/11/06-13:48:32.717666 7f7e0d55acc0  Options.max_write_buffer_number: 8
2021/11/06-13:48:32.717669 7f7e0d55acc0          Options.compression: NoCompression
2021/11/06-13:48:32.717672 7f7e0d55acc0                  Options.bottommost_compression: Disabled
2021/11/06-13:48:32.717675 7f7e0d55acc0       Options.prefix_extractor: nullptr
2021/11/06-13:48:32.717678 7f7e0d55acc0   Options.memtable_insert_with_hint_prefix_extractor: nullptr
2021/11/06-13:48:32.717681 7f7e0d55acc0             Options.num_levels: 7
2021/11/06-13:48:32.717684 7f7e0d55acc0        Options.min_write_buffer_number_to_merge: 1
2021/11/06-13:48:32.717687 7f7e0d55acc0     Options.max_write_buffer_number_to_maintain: 0
2021/11/06-13:48:32.717690 7f7e0d55acc0     Options.max_write_buffer_size_to_maintain: 0
2021/11/06-13:48:32.717693 7f7e0d55acc0            Options.bottommost_compression_opts.window_bits: -14
2021/11/06-13:48:32.717696 7f7e0d55acc0                  Options.bottommost_compression_opts.level: 32767
2021/11/06-13:48:32.717699 7f7e0d55acc0               Options.bottommost_compression_opts.strategy: 0
2021/11/06-13:48:32.717702 7f7e0d55acc0         Options.bottommost_compression_opts.max_dict_bytes: 0
2021/11/06-13:48:32.717704 7f7e0d55acc0         Options.bottommost_compression_opts.zstd_max_train_bytes: 0
2021/11/06-13:48:32.717707 7f7e0d55acc0         Options.bottommost_compression_opts.parallel_threads: 1
2021/11/06-13:48:32.717710 7f7e0d55acc0                  Options.bottommost_compression_opts.enabled: false
2021/11/06-13:48:32.717713 7f7e0d55acc0            Options.compression_opts.window_bits: -14
2021/11/06-13:48:32.717716 7f7e0d55acc0                  Options.compression_opts.level: 32767
2021/11/06-13:48:32.717719 7f7e0d55acc0               Options.compression_opts.strategy: 0
2021/11/06-13:48:32.717721 7f7e0d55acc0         Options.compression_opts.max_dict_bytes: 0
2021/11/06-13:48:32.717724 7f7e0d55acc0         Options.compression_opts.zstd_max_train_bytes: 0
2021/11/06-13:48:32.717727 7f7e0d55acc0         Options.compression_opts.parallel_threads: 1
2021/11/06-13:48:32.717730 7f7e0d55acc0                  Options.compression_opts.enabled: false
2021/11/06-13:48:32.717770 7f7e0d55acc0      Options.level0_file_num_compaction_trigger: 4
2021/11/06-13:48:32.717774 7f7e0d55acc0          Options.level0_slowdown_writes_trigger: 20
2021/11/06-13:48:32.717776 7f7e0d55acc0              Options.level0_stop_writes_trigger: 36
2021/11/06-13:48:32.717779 7f7e0d55acc0                   Options.target_file_size_base: 107374182
2021/11/06-13:48:32.717782 7f7e0d55acc0             Options.target_file_size_multiplier: 1
2021/11/06-13:48:32.717785 7f7e0d55acc0                Options.max_bytes_for_level_base: 1073741824
2021/11/06-13:48:32.717788 7f7e0d55acc0 Options.level_compaction_dynamic_level_bytes: 0
2021/11/06-13:48:32.717791 7f7e0d55acc0          Options.max_bytes_for_level_multiplier: 10.000000
2021/11/06-13:48:32.717797 7f7e0d55acc0 Options.max_bytes_for_level_multiplier_addtl[0]: 1
2021/11/06-13:48:32.717800 7f7e0d55acc0 Options.max_bytes_for_level_multiplier_addtl[1]: 1
2021/11/06-13:48:32.717803 7f7e0d55acc0 Options.max_bytes_for_level_multiplier_addtl[2]: 1
2021/11/06-13:48:32.717806 7f7e0d55acc0 Options.max_bytes_for_level_multiplier_addtl[3]: 1
2021/11/06-13:48:32.717809 7f7e0d55acc0 Options.max_bytes_for_level_multiplier_addtl[4]: 1
2021/11/06-13:48:32.717812 7f7e0d55acc0 Options.max_bytes_for_level_multiplier_addtl[5]: 1
2021/11/06-13:48:32.717815 7f7e0d55acc0 Options.max_bytes_for_level_multiplier_addtl[6]: 1
2021/11/06-13:48:32.717817 7f7e0d55acc0       Options.max_sequential_skip_in_iterations: 8
2021/11/06-13:48:32.717820 7f7e0d55acc0                    Options.max_compaction_bytes: 2684354550
2021/11/06-13:48:32.717823 7f7e0d55acc0                        Options.arena_block_size: 33554432
2021/11/06-13:48:32.717826 7f7e0d55acc0   Options.soft_pending_compaction_bytes_limit: 68719476736
2021/11/06-13:48:32.717829 7f7e0d55acc0   Options.hard_pending_compaction_bytes_limit: 274877906944
2021/11/06-13:48:32.717832 7f7e0d55acc0       Options.rate_limit_delay_max_milliseconds: 100
2021/11/06-13:48:32.717835 7f7e0d55acc0                Options.disable_auto_compactions: 0
2021/11/06-13:48:32.717840 7f7e0d55acc0                        Options.compaction_style: kCompactionStyleLevel
2021/11/06-13:48:32.717844 7f7e0d55acc0                          Options.compaction_pri: kMinOverlappingRatio
2021/11/06-13:48:32.717846 7f7e0d55acc0 Options.compaction_options_universal.size_ratio: 1
2021/11/06-13:48:32.717850 7f7e0d55acc0 Options.compaction_options_universal.min_merge_width: 2
2021/11/06-13:48:32.717854 7f7e0d55acc0 Options.compaction_options_universal.max_merge_width: 4294967295
2021/11/06-13:48:32.717858 7f7e0d55acc0 Options.compaction_options_universal.max_size_amplification_percent: 200
2021/11/06-13:48:32.717863 7f7e0d55acc0 Options.compaction_options_universal.compression_size_percent: -1
2021/11/06-13:48:32.717880 7f7e0d55acc0 Options.compaction_options_universal.stop_style: kCompactionStopStyleTotalSize
2021/11/06-13:48:32.717888 7f7e0d55acc0 Options.compaction_options_fifo.max_table_files_size: 1073741824
2021/11/06-13:48:32.717894 7f7e0d55acc0 Options.compaction_options_fifo.allow_compaction: 0
2021/11/06-13:48:32.717917 7f7e0d55acc0                   Options.table_properties_collectors: 
2021/11/06-13:48:32.717923 7f7e0d55acc0                   Options.inplace_update_support: 0
2021/11/06-13:48:32.717929 7f7e0d55acc0                 Options.inplace_update_num_locks: 10000
2021/11/06-13:48:32.717935 7f7e0d55acc0               Options.memtable_prefix_bloom_size_ratio: 0.000000
2021/11/06-13:48:32.717944 7f7e0d55acc0               Options.memtable_whole_key_filtering: 0
2021/11/06-13:48:32.717950 7f7e0d55acc0   Options.memtable_huge_page_size: 0
2021/11/06-13:48:32.717955 7f7e0d55acc0                           Options.bloom_locality: 0
2021/11/06-13:48:32.717960 7f7e0d55acc0                    Options.max_successive_merges: 0
2021/11/06-13:48:32.717965 7f7e0d55acc0                Options.optimize_filters_for_hits: 0
2021/11/06-13:48:32.717970 7f7e0d55acc0                Options.paranoid_file_checks: 0
2021/11/06-13:48:32.717974 7f7e0d55acc0                Options.force_consistency_checks: 1
2021/11/06-13:48:32.718027 7f7e0d55acc0                Options.report_bg_io_stats: 0
2021/11/06-13:48:32.718036 7f7e0d55acc0                               Options.ttl: 2592000
2021/11/06-13:48:32.718042 7f7e0d55acc0          Options.periodic_compaction_seconds: 2592000
2021/11/06-13:48:32.718048 7f7e0d55acc0                    Options.enable_blob_files: false
2021/11/06-13:48:32.718054 7f7e0d55acc0                        Options.min_blob_size: 0
2021/11/06-13:48:32.718057 7f7e0d55acc0                       Options.blob_file_size: 268435456
2021/11/06-13:48:32.718063 7f7e0d55acc0                Options.blob_compression_type: NoCompression
2021/11/06-13:48:32.718068 7f7e0d55acc0       Options.enable_blob_garbage_collection: false
2021/11/06-13:48:32.718072 7f7e0d55acc0   Options.blob_garbage_collection_age_cutoff: 0.250000
2021/11/06-13:48:32.718182 7f7e0d55acc0 [db/db_impl/db_impl.cc:2658] Created column family [dead_slots] (ID 2)
2021/11/06-13:48:32.728945 7f7e0d55acc0 [db/column_family.cc:597] --------------- Options for column family [duplicate_slots]:
2021/11/06-13:48:32.728956 7f7e0d55acc0               Options.comparator: leveldb.BytewiseComparator
2021/11/06-13:48:32.728959 7f7e0d55acc0           Options.merge_operator: None
2021/11/06-13:48:32.728961 7f7e0d55acc0        Options.compaction_filter: None
2021/11/06-13:48:32.728963 7f7e0d55acc0        Options.compaction_filter_factory: purged_slot_filter_factory(duplicate_slots)
2021/11/06-13:48:32.728966 7f7e0d55acc0  Options.sst_partitioner_factory: None
2021/11/06-13:48:32.728968 7f7e0d55acc0         Options.memtable_factory: SkipListFactory
2021/11/06-13:48:32.728970 7f7e0d55acc0            Options.table_factory: BlockBasedTable
2021/11/06-13:48:32.729015 7f7e0d55acc0            table_factory options:   flush_block_policy_factory: FlushBlockBySizePolicyFactory (0x562d7e89fb80)
  cache_index_and_filter_blocks: 0
  cache_index_and_filter_blocks_with_high_priority: 1
  pin_l0_filter_and_index_blocks_in_cache: 0
  pin_top_level_index_and_filter: 1
  index_type: 0
  data_block_index_type: 0
  index_shortening: 1
  data_block_hash_table_util_ratio: 0.750000
  hash_index_allow_collision: 1
  checksum: 1
  no_block_cache: 0
  block_cache: 0x562d7e8a73b0
  block_cache_name: LRUCache
  block_cache_options:
    capacity : 8388608
    num_shard_bits : 4
    strict_capacity_limit : 0
    memory_allocator : None
    high_pri_pool_ratio: 0.000
  block_cache_compressed: (nil)
  persistent_cache: (nil)
  block_size: 4096
  block_size_deviation: 10
  block_restart_interval: 16
  index_block_restart_interval: 1
  metadata_block_size: 4096
  partition_filters: 0
  use_delta_encoding: 1
  filter_policy: nullptr
  whole_key_filtering: 1
  verify_compression: 0
  read_amp_bytes_per_bit: 0
  format_version: 4
  enable_index_compression: 1
  block_align: 0
2021/11/06-13:48:32.729021 7f7e0d55acc0        Options.write_buffer_size: 268435456
2021/11/06-13:48:32.729023 7f7e0d55acc0  Options.max_write_buffer_number: 8
2021/11/06-13:48:32.729025 7f7e0d55acc0          Options.compression: NoCompression
2021/11/06-13:48:32.729027 7f7e0d55acc0                  Options.bottommost_compression: Disabled
2021/11/06-13:48:32.729029 7f7e0d55acc0       Options.prefix_extractor: nullptr
2021/11/06-13:48:32.729031 7f7e0d55acc0   Options.memtable_insert_with_hint_prefix_extractor: nullptr
2021/11/06-13:48:32.729033 7f7e0d55acc0             Options.num_levels: 7
2021/11/06-13:48:32.729035 7f7e0d55acc0        Options.min_write_buffer_number_to_merge: 1
2021/11/06-13:48:32.729037 7f7e0d55acc0     Options.max_write_buffer_number_to_maintain: 0
2021/11/06-13:48:32.729039 7f7e0d55acc0     Options.max_write_buffer_size_to_maintain: 0
2021/11/06-13:48:32.729041 7f7e0d55acc0            Options.bottommost_compression_opts.window_bits: -14
2021/11/06-13:48:32.729043 7f7e0d55acc0                  Options.bottommost_compression_opts.level: 32767
